1
1
1
1
1
1
1
1
1
1
1
1
1
1
1
0.933333333
0.9375
0.941176471
0.944444444
0.947368421
0.95
0.952380952
0.954545455
0.956521739
0.958333333
0.96
0.961538462
0.962962963
0.964285714
0.965517241
0.966666667
0.967741935
0.96875
0.96969697
0.970588235
0.971428571
0.972222222
0.972972973
0.973684211
0.974358974
0.975
0.975609756
0.976190476
0.976744186
0.977272727
0.977777778
0.97826087
0.978723404
0.979166667
0.979591837
0.98
0.980392157
0.980769231
0.981132075
0.981481481
0.981818182
0.982142857
0.98245614
0.965517241
0.966101695
0.966666667
0.967213115
0.967741935
0.968253968
0.96875
0.969230769
0.96969697
0.970149254
0.970588235
0.956521739
0.957142857
0.957746479
0.958333333
0.95890411
0.959459459
0.96
0.960526316
0.961038961
0.961538462
0.962025316
0.9625
0.962962963
0.951219512
0.939759036
0.928571429
0.917647059
0.918604651
0.908045977
0.909090909
0.91011236
0.911111111
0.912087912
0.913043478
0.913978495
0.904255319
0.905263158
0.90625
0.907216495
0.908163265
0.909090909
0.91
0.910891089
0.911764706
0.912621359
0.913461538
0.914285714
0.91509434
0.91588785
0.916666667
0.917431193
0.918181818
0.918918919
0.919642857
0.920353982
0.912280702
0.904347826
0.896551724
0.897435897
0.898305085
0.899159664
0.9
0.900826446
0.901639344
0.902439024
0.903225806
0.904
0.904761905
0.897637795
0.8984375
0.899224806
0.9
0.900763359
0.901515152
0.902255639
0.902985075
0.903703704
0.904411765
0.905109489
0.905797101
0.90647482
0.907142857
0.907801418
0.901408451
0.902097902
0.902777778
0.903448276
0.904109589
0.904761905
0.905405405
0.906040268
0.906666667
0.907284768
0.907894737
0.908496732
0.909090909
0.909677419
0.91025641
0.910828025
0.911392405
0.911949686
0.9125
0.913043478
0.913580247
0.914110429
0.914634146
0.915151515
0.915662651
0.916167665
0.916666667
0.917159763
0.911764706
0.906432749
0.901162791
0.895953757
0.890804598
0.885714286
0.886363636
0.88700565
0.887640449
0.888268156
0.888888889
0.883977901
0.884615385
0.885245902
0.880434783
0.881081081
0.88172043
0.882352941
0.882978723
0.883597884
0.884210526
0.884816754
0.885416667
0.886010363
0.881443299
0.876923077
0.87755102
0.878172589
0.878787879
0.879396985
0.88
0.880597015
0.881188119
0.881773399
0.882352941
0.882926829
0.883495146
0.884057971
0.884615385
0.885167464
0.885714286
0.886255924
0.886792453
0.887323944
0.887850467
0.888372093
0.888888889
0.889400922
0.889908257
0.890410959
0.890909091
0.891402715
0.891891892
0.892376682
0.892857143
0.893333333
0.89380531
0.894273128
0.894736842
0.895196507
0.895652174
0.896103896
0.896551724
0.896995708
0.897435897
0.89787234
0.898305085
0.898734177
0.899159664
0.89958159
0.9
0.900414938
0.900826446
0.897119342
0.893442623
0.893877551
0.894308943
0.894736842
0.89516129
0.895582329
0.896
0.896414343
0.896825397
0.897233202
0.897637795
0.898039216
0.8984375
0.898832685
0.899224806
0.8996139
0.9
0.900383142
0.900763359
0.901140684
0.901515152
0.901886792
0.902255639
0.902621723
0.902985075
0.903345725
0.903703704
0.904059041
0.904411765
0.904761905
0.905109489
0.905454545
0.905797101
0.906137184
0.90647482
0.906810036
0.907142857
0.90747331
0.907801418
0.908127208
0.908450704
0.90877193
0.909090909
0.909407666
0.909722222
0.910034602
0.910344828
0.910652921
0.910958904
0.911262799
0.911564626
0.911864407
0.912162162
0.912457912
0.912751678
0.913043478
0.913333333
0.913621262
0.913907285
0.914191419
0.914473684
0.914754098
0.91503268
0.915309446
0.915584416
0.915857605
0.916129032
0.916398714
0.916666667
0.916932907
0.917197452
0.917460317
0.917721519
0.917981073
0.918238994
0.918495298
0.91875
0.919003115
0.919254658
0.919504644
0.919753086
0.92
0.920245399
0.920489297
0.920731707
0.920972644
0.921212121
0.921450151
0.921686747
0.921921922
0.922155689
0.92238806
0.922619048
0.922848665
0.923076923
0.923303835
0.923529412
0.923753666
0.923976608
0.924198251
0.924418605
0.924637681
0.924855491
0.925072046
0.925287356
0.925501433
0.925714286
0.925925926
0.926136364
0.926345609
0.926553672
0.923943662
0.924157303
0.924369748
0.924581006
0.924791086
0.925
0.925207756
0.925414365
0.925619835
0.925824176
0.926027397
0.926229508
0.926430518
0.926630435
0.926829268
0.927027027
0.92722372
0.927419355
0.927613941
0.927807487
0.928
0.928191489
0.928381963
0.928571429
0.928759894
0.928947368
0.929133858
0.929319372
0.929503916
0.9296875
0.92987013
0.930051813
0.930232558
0.930412371
0.93059126
0.930769231
0.930946292
0.931122449
0.93129771
0.931472081
0.93164557
0.931818182
0.931989924
0.932160804
0.932330827
0.9325
0.932668329
0.932835821
0.933002481
0.933168317
0.933333333
0.933497537
0.933660934
0.933823529
0.93398533
0.934146341
0.934306569
0.934466019
0.934624697
0.934782609
0.934939759
0.935096154
0.935251799
0.935406699
0.935560859
0.935714286
0.935866983
0.936018957
0.936170213
0.936320755
0.936470588
0.936619718
0.93676815
0.936915888
0.937062937
0.937209302
0.937354988
0.9375
0.937644342
0.937788018
0.937931034
0.938073394
0.938215103
0.938356164
0.938496583
0.938636364
0.936507937
0.936651584
0.936794582
0.936936937
0.937078652
0.937219731
0.937360179
0.9375
0.937639198
0.937777778
0.937915743
0.938053097
0.938189845
0.938325991
0.938461538
0.938596491
0.938730853
0.938864629
0.938997821
0.939130435
0.939262473
0.939393939
0.939524838
0.939655172
0.939784946
0.939914163
0.940042827
0.94017094
0.940298507
0.940425532
0.940552017
0.940677966
0.940803383
0.94092827
0.941052632
0.941176471
0.94129979
0.941422594
0.941544885
0.941666667
0.941787942
0.941908714
0.942028986
0.94214876
0.942268041
0.942386831
0.942505133
0.942622951
0.942740286
0.942857143
0.942973523
0.943089431
0.943204868
0.943319838
0.943434343
0.943548387
0.943661972
0.9437751
0.943887776
0.944
0.944111776
0.944223108
0.944333996
0.944444444
0.944554455
0.944664032
0.944773176
0.94488189
0.944990177
0.945098039
0.945205479
0.9453125
0.945419103
0.945525292
0.945631068
0.945736434
0.945841393
0.945945946
0.946050096
0.946153846
0.944337812
0.944444444
0.944550669
0.944656489
0.944761905
0.94486692
0.944971537
0.945075758
0.945179584
0.945283019
0.945386064
0.945488722
0.945590994
0.945692884
0.945794393
0.945895522
0.945996276
0.946096654
0.94619666
0.946296296
0.946395564
0.946494465
0.946593002
0.946691176
0.946788991
0.946886447
0.946983547
0.947080292
0.947176685
0.947272727
0.947368421
0.947463768
0.94755877
0.94765343
0.947747748
0.947841727
0.947935368
0.948028674
0.948121646
0.948214286
0.948306595
0.948398577
0.948490231
0.94858156
0.948672566
0.948763251
0.948853616
0.948943662
0.949033392
0.949122807
0.949211909
0.949300699
0.94938918
0.949477352
0.949565217
0.949652778
0.949740035
0.94982699
0.949913644
0.95
0.950086059
0.948453608
0.946826758
0.945205479
0.943589744
0.941979522
0.940374787
0.93877551
0.938879457
0.938983051
0.939086294
0.939189189
0.939291737
0.939393939
0.939495798
0.939597315
0.939698492
0.939799331
0.939899833
0.94
0.940099834
0.940199336
0.940298507
0.940397351
0.940495868
0.940594059
0.940691928
0.940789474
0.9408867
0.940983607
0.941080196
0.941176471
0.941272431
0.941368078
0.941463415
0.939935065
0.940032415
0.938511327
0.938610662
0.938709677
0.938808374
0.938906752
0.939004815
0.939102564
0.9392
0.939297125
0.939393939
0.939490446
0.939586645
0.93968254
0.93977813
0.939873418
0.939968404
0.940063091
0.94015748
0.940251572
0.940345369
0.940438871
0.940532081
0.940625
0.939157566
0.939252336
0.939346812
0.939440994
0.939534884
0.939628483
0.939721793
0.939814815
0.93990755
0.94
0.940092166
0.940184049
0.940275651
0.940366972
0.938931298
0.93902439
0.937595129
0.936170213
0.934749621
0.933333333
0.931921331
0.932024169
0.930618401
0.930722892
0.930827068
0.929429429
0.928035982
0.928143713
0.928251121
0.928358209
0.928464978
0.928571429
0.928677563
0.928783383
0.928888889
0.928994083
0.929098966
0.92920354
0.929307806
0.929411765
0.929515419
0.929618768
0.929721816
0.929824561
0.929927007
0.930029155
0.930131004
0.930232558
0.930333817
0.930434783
0.930535456
0.930635838
0.930735931
0.930835735
0.930935252
0.931034483
0.931133429
0.929799427
0.929899857
0.93
0.930099857
0.93019943
0.93029872
0.930397727
0.930496454
0.930594901
0.930693069
0.93079096
0.930888575
0.930985915
0.931082982
0.931179775
0.931276297
0.931372549
0.931468531
0.931564246
0.930264993
0.930362117
0.930458971
0.930555556
0.930651872
0.930747922
0.930843707
0.930939227
0.929655172
0.929752066
0.929848693
0.929945055
0.930041152
0.930136986
0.930232558
0.930327869
0.93042292
0.930517711
0.930612245
0.930706522
0.930800543
0.930894309
0.930987821
0.931081081
0.931174089
0.931266846
0.931359354
0.931451613
0.931543624
0.931635389
0.931726908
0.931818182
0.931909212
0.932
0.932090546
0.932180851
0.932270916
0.932360743
0.932450331
0.932539683
0.932628798
0.932717678
0.932806324
0.932894737
0.932982917
0.933070866
0.933158585
0.933246073
0.933333333
0.933420366
0.933507171
0.93359375
0.933680104
0.933766234
0.93385214
0.933937824
0.934023286
0.932816537
0.932903226
0.932989691
0.933075933
0.933161954
0.931964056
0.932051282
0.932138284
0.932225064
0.932311622
0.932397959
0.932484076
0.932569975
0.932655654
0.932741117
0.932826362
0.932911392
0.932996207
0.933080808
0.933165195
0.93324937
0.933333333
0.933417085
0.933500627
0.93358396
0.933667084
0.93375
0.933832709
0.933915212
0.933997509
0.934079602
0.934161491
0.934243176
0.934324659
0.934405941
0.934487021
0.934567901
0.934648582
0.934729064
0.934809348
0.934889435
0.934969325
0.93504902
0.935128519
0.935207824
0.935286935
0.935365854
0.934226553
0.933090024
0.933171324
0.933252427
0.933333333
0.933414044
0.933494559
0.933574879
0.933655006
0.93373494
0.933814681
0.933894231
0.933973589
0.934052758
0.934131737
0.933014354
0.933094385
0.931980907
0.932061979
0.932142857
0.932223543
0.932304038
0.931198102
0.931279621
0.931360947
0.93144208
0.931523022
0.931603774
0.931684335
0.931764706
0.931844888
0.931924883
0.932004689
0.932084309
0.932163743
0.932242991
0.932322054
0.932400932
0.932479627
0.93255814
0.932636469
0.932714617
0.932792584
0.93287037
0.932947977
0.933025404
0.933102653
0.933179724
0.933256617
0.933333333
0.932261768
0.93233945
0.932416953
0.932494279
0.932571429
0.932648402
0.9327252
0.932801822
0.932878271
0.932954545
0.933030647
0.933106576
0.93204983
0.932126697
0.931073446
0.931151242
0.931228861
0.931306306
0.931383577
0.931460674
0.931537598
0.93161435
0.931690929
0.931767338
0.931843575
0.931919643
0.931995541
0.932071269
0.93214683
0.932222222
0.932297447
0.932372506
0.932447398
0.932522124
0.932596685
0.932671082
0.932745314
0.932819383
0.932893289
0.932967033
0.933040615
0.933114035
0.933187295
0.933260394
0.933333333
0.933406114
0.933478735
0.933551198
0.933623504
0.933695652
0.932681868
0.932754881
0.932827736
0.932900433
0.932972973
0.933045356
0.932038835
0.931034483
0.930032293
0.929032258
0.928034372
0.927038627
0.927116827
0.927194861
0.927272727
0.927350427
0.927427962
0.92750533
0.926517572
0.926595745
0.926673751
0.926751592
0.926829268
0.92690678
0.926984127
0.927061311
0.927138332
0.92721519
0.927291886
0.927368421
0.927444795
0.927521008
0.927597062
0.927672956
0.927748691
0.927824268
0.927899687
0.927974948
0.928050052
0.928125
0.928199792
0.928274428
0.92834891
0.928423237
0.928497409
0.928571429
0.928645295
0.928719008
0.92879257
0.928865979
0.928939238
0.929012346
0.929085303
0.929158111
0.929230769
0.929303279
0.92937564
0.929447853
0.929519918
0.929591837
0.929663609
0.929735234
0.929806714
0.929878049
0.929949239
0.930020284
0.930091185
0.930161943
0.930232558
