1.0
1.0
1.0
1.0
1.0
1.0
1.0
1.0
1.0
1.0
1.0
1.0
1.0
1.0
1.0
1.0
1.0
1.0
1.0
1.0
1.0
1.0
1.0
1.0
1.0
1.0
1.0
1.0
1.0
1.0
1.0
1.0
1.0
1.0
1.0
1.0
1.0
1.0
1.0
1.0
1.0
1.0
1.0
1.0
1.0
1.0
1.0
1.0
1.0
1.0
1.0
1.0
1.0
1.0
1.0
1.0
1.0
1.0
1.0
1.0
1.0
1.0
1.0
1.0
1.0
1.0
1.0
1.0
1.0
0.985507246377
0.971428571429
0.971830985915
0.972222222222
0.972602739726
0.972972972973
0.973333333333
0.973684210526
0.974025974026
0.974358974359
0.974683544304
0.975
0.975308641975
0.975609756098
0.975903614458
0.97619047619
0.976470588235
0.976744186047
0.977011494253
0.977272727273
0.977528089888
0.977777777778
0.978021978022
0.978260869565
0.978494623656
0.978723404255
0.978947368421
0.979166666667
0.979381443299
0.979591836735
0.969696969697
0.97
0.970297029703
0.970588235294
0.970873786408
0.971153846154
0.971428571429
0.971698113208
0.971962616822
0.972222222222
0.97247706422
0.972727272727
0.972972972973
0.973214285714
0.973451327434
0.973684210526
0.973913043478
0.974137931034
0.974358974359
0.974576271186
0.974789915966
0.975
0.97520661157
0.975409836066
0.975609756098
0.975806451613
0.976
0.97619047619
0.976377952756
0.9765625
0.976744186047
0.976923076923
0.977099236641
0.977272727273
0.977443609023
0.977611940299
0.977777777778
0.977941176471
0.978102189781
0.978260869565
0.978417266187
0.978571428571
0.978723404255
0.978873239437
0.979020979021
0.979166666667
0.979310344828
0.979452054795
0.979591836735
0.97972972973
0.979865771812
0.98
0.980132450331
0.980263157895
0.980392156863
0.980519480519
0.98064516129
0.980769230769
0.980891719745
0.981012658228
0.981132075472
0.98125
0.981366459627
0.981481481481
0.981595092025
0.981707317073
0.981818181818
0.981927710843
0.982035928144
0.982142857143
0.98224852071
0.982352941176
0.982456140351
0.982558139535
0.982658959538
0.98275862069
0.982857142857
0.982954545455
0.983050847458
0.983146067416
0.983240223464
0.983333333333
0.983425414365
0.983516483516
0.983606557377
0.983695652174
0.983783783784
0.983870967742
0.983957219251
0.984042553191
0.984126984127
0.984210526316
0.984293193717
0.984375
0.984455958549
0.984536082474
0.984615384615
0.984693877551
0.984771573604
0.984848484848
0.984924623116
0.985
0.985074626866
0.985148514851
0.985221674877
0.985294117647
0.985365853659
0.985436893204
0.985507246377
0.985576923077
0.985645933014
0.985714285714
0.985781990521
0.985849056604
0.985915492958
0.985981308411
0.986046511628
0.986111111111
0.986175115207
0.98623853211
0.986301369863
0.986363636364
0.986425339367
0.986486486486
0.986547085202
0.986607142857
0.986666666667
0.986725663717
0.986784140969
0.986842105263
0.986899563319
0.986956521739
0.987012987013
0.987068965517
0.987124463519
0.987179487179
0.987234042553
0.987288135593
0.987341772152
0.987394957983
0.987447698745
0.9875
0.98755186722
0.987603305785
0.987654320988
0.987704918033
0.987755102041
0.983739837398
0.983805668016
0.983870967742
0.983935742972
0.984
0.98406374502
0.984126984127
0.98418972332
0.984251968504
0.98431372549
0.984375
0.984435797665
0.984496124031
0.984555984556
0.984615384615
0.984674329502
0.984732824427
0.984790874525
0.984848484848
0.984905660377
0.984962406015
0.985018726592
0.985074626866
0.985130111524
0.985185185185
0.985239852399
0.985294117647
0.985347985348
0.985401459854
0.985454545455
0.985507246377
0.985559566787
0.985611510791
0.985663082437
0.985714285714
0.985765124555
0.985815602837
0.985865724382
0.985915492958
0.985964912281
0.986013986014
0.98606271777
0.986111111111
0.98615916955
0.986206896552
0.986254295533
0.986301369863
0.986348122867
0.986394557823
0.986440677966
0.986486486486
0.986531986532
0.986577181208
0.986622073579
0.986666666667
0.986710963455
0.986754966887
0.986798679868
0.986842105263
0.986885245902
0.986928104575
0.986970684039
0.987012987013
0.987055016181
0.987096774194
0.987138263666
0.987179487179
0.987220447284
0.987261146497
0.987301587302
0.987341772152
0.98738170347
0.987421383648
0.987460815047
0.9875
0.98753894081
0.987577639752
0.987616099071
0.987654320988
0.987692307692
0.98773006135
0.987767584098
0.987804878049
0.987841945289
0.987878787879
0.987915407855
0.987951807229
0.987987987988
0.988023952096
0.988059701493
0.988095238095
0.988130563798
0.988165680473
0.988200589971
0.988235294118
0.988269794721
0.988304093567
0.98833819242
0.988372093023
0.988405797101
0.988439306358
0.988472622478
0.988505747126
0.988538681948
0.988571428571
0.988603988604
0.988636363636
0.988668555241
0.988700564972
0.988732394366
0.988764044944
0.988795518207
0.988826815642
0.988857938719
0.988888888889
0.98891966759
0.988950276243
0.988980716253
0.989010989011
0.98904109589
0.989071038251
0.989100817439
0.989130434783
0.989159891599
0.989189189189
0.989218328841
0.989247311828
0.98927613941
0.989304812834
0.989333333333
0.989361702128
0.989389920424
0.989417989418
0.98944591029
0.989473684211
0.989501312336
0.989528795812
0.98955613577
0.989583333333
0.98961038961
0.989637305699
0.989664082687
0.989690721649
0.98971722365
0.989743589744
0.989769820972
0.989795918367
0.989821882952
0.989847715736
0.989873417722
0.989898989899
0.989924433249
0.989949748744
0.989974937343
0.99
0.990024937656
0.990049751244
0.990074441687
0.990099009901
0.99012345679
0.990147783251
0.990171990172
0.990196078431
0.9902200489
0.990243902439
0.990267639903
0.990291262136
0.990314769976
0.990338164251
0.990361445783
0.990384615385
0.990407673861
0.99043062201
0.990453460621
0.990476190476
0.990498812352
0.990521327014
0.990543735225
0.990566037736
0.990588235294
0.990610328638
0.990632318501
0.990654205607
0.990675990676
0.990697674419
0.990719257541
0.990740740741
0.990762124711
0.990783410138
0.990804597701
0.990825688073
0.990846681922
0.990867579909
0.990888382688
0.990909090909
0.990929705215
0.990950226244
0.990970654628
0.990990990991
0.991011235955
0.991031390135
0.991051454139
0.991071428571
0.991091314031
0.991111111111
0.991130820399
0.991150442478
0.991169977925
0.991189427313
0.991208791209
0.991228070175
0.99124726477
0.991266375546
0.99128540305
0.991304347826
0.991323210412
0.991341991342
0.991360691145
0.991379310345
0.991397849462
0.991416309013
0.991434689507
0.991452991453
0.991471215352
0.991489361702
0.991507430998
0.991525423729
0.991543340381
0.991561181435
0.991578947368
0.991596638655
0.991614255765
0.991631799163
0.991649269311
0.991666666667
0.991683991684
0.991701244813
0.991718426501
0.99173553719
0.99175257732
0.991769547325
0.991786447639
0.991803278689
0.9918200409
0.991836734694
0.991853360489
0.991869918699
0.991886409736
0.991902834008
0.991919191919
0.991935483871
0.991951710262
0.991967871486
0.991983967936
0.992
0.992015968064
0.99203187251
0.992047713718
0.992063492063
0.992079207921
0.99209486166
0.992110453649
0.992125984252
0.992141453831
0.992156862745
0.99217221135
0.9921875
0.992202729045
0.992217898833
0.992233009709
0.992248062016
0.992263056093
0.992277992278
0.992292870906
0.992307692308
0.992322456814
0.992337164751
0.992351816444
0.992366412214
0.992380952381
0.992395437262
0.992409867173
0.992424242424
0.992438563327
0.992452830189
0.992467043315
0.992481203008
0.992495309568
0.992509363296
0.992523364486
0.992537313433
0.992551210428
0.992565055762
0.992578849722
0.992592592593
0.992606284658
0.992619926199
0.992633517495
0.992647058824
0.992660550459
0.992673992674
0.99268738574
0.992700729927
0.992714025501
0.992727272727
0.992740471869
0.992753623188
0.992766726944
0.992779783394
0.992792792793
0.992805755396
0.992818671454
0.992831541219
0.992844364937
0.992857142857
0.992869875223
0.992882562278
0.992895204263
0.992907801418
0.992920353982
0.992932862191
0.992945326279
0.992957746479
0.992970123023
0.99298245614
0.99299474606
0.993006993007
0.993019197208
0.993031358885
0.993043478261
0.993055555556
0.993067590988
0.993079584775
0.993091537133
0.993103448276
0.993115318417
0.993127147766
0.991423670669
0.989726027397
0.988034188034
0.986348122867
0.984667802385
0.984693877551
0.984719864177
0.984745762712
0.984771573604
0.984797297297
0.984822934233
0.984848484848
0.98487394958
0.984899328859
0.984924623116
0.984949832776
0.984974958264
0.985
0.985024958403
0.985049833887
0.985074626866
0.985099337748
0.985123966942
0.985148514851
0.985172981878
0.985197368421
0.985221674877
0.985245901639
0.9852700491
0.985294117647
0.985318107667
0.985342019544
0.985365853659
0.98538961039
0.985413290113
0.985436893204
0.985460420032
0.985483870968
0.985507246377
0.985530546624
0.985553772071
0.985576923077
0.9856
0.985623003195
0.985645933014
0.985668789809
0.985691573927
0.985714285714
0.985736925515
0.985759493671
0.985781990521
0.985804416404
0.985826771654
0.985849056604
0.985871271586
0.985893416928
0.985915492958
0.9859375
0.985959438378
0.985981308411
0.98600311042
0.98602484472
0.986046511628
0.986068111455
0.986089644513
0.986111111111
0.986132511556
0.986153846154
0.986175115207
0.986196319018
0.986217457887
0.98623853211
0.986259541985
0.986280487805
0.986301369863
0.98632218845
0.984825493171
0.984848484848
0.984871406959
0.984894259819
0.984917043741
0.984939759036
0.984962406015
0.984984984985
0.983508245877
0.982035928144
0.980568011958
0.980597014925
0.980625931446
0.980654761905
0.980683506686
0.980712166172
0.980740740741
0.980769230769
0.980797636632
0.980825958702
0.980854197349
0.980882352941
0.980910425844
0.980938416422
0.980966325037
0.980994152047
0.979562043796
0.979591836735
0.978165938865
0.976744186047
0.975326560232
0.973913043478
0.972503617945
0.971098265896
0.97113997114
0.971181556196
0.971223021583
0.971264367816
0.971305595409
0.971346704871
0.97138769671
0.971428571429
0.971469329529
0.97150997151
0.971550497866
0.971590909091
0.971631205674
0.971671388102
0.97171145686
0.971751412429
0.971791255289
0.971830985915
0.971870604782
0.97191011236
0.971949509116
0.971988795518
0.972027972028
0.972067039106
0.970711297071
0.970752089136
0.970792767733
0.970833333333
0.970873786408
0.970914127424
0.969571230982
0.969613259669
0.969655172414
0.969696969697
0.969738651994
0.96978021978
0.969821673525
0.969863013699
0.969904240766
0.969945355191
0.969986357435
0.970027247956
0.970068027211
0.970108695652
0.970149253731
0.970189701897
0.970230040595
0.97027027027
0.970310391363
0.970350404313
0.970390309556
0.970430107527
0.970469798658
0.970509383378
0.970548862115
0.970588235294
0.970627503338
0.970666666667
0.970705725699
0.970744680851
0.970783532537
0.970822281167
0.970860927152
0.970899470899
0.970937912814
0.970976253298
0.971014492754
0.971052631579
0.971090670171
0.969816272966
0.969855832241
0.969895287958
0.969934640523
0.969973890339
0.97001303781
0.970052083333
0.970091027308
0.97012987013
0.970168612192
0.970207253886
0.970245795602
0.970284237726
0.970322580645
0.970360824742
0.970398970399
0.970437017995
0.96919127086
0.969230769231
0.969270166453
0.969309462916
0.969348659004
0.969387755102
0.969426751592
0.969465648855
0.969504447268
0.969543147208
0.969581749049
0.969620253165
0.969658659924
0.969696969697
0.96973518285
0.969773299748
0.969811320755
0.969849246231
0.969887076537
0.96992481203
0.969962453066
0.97
0.970037453184
0.970074812968
0.970112079701
0.970149253731
0.970186335404
0.970223325062
0.970260223048
0.970297029703
0.970333745365
0.97037037037
0.970406905055
0.970443349754
0.970479704797
0.970515970516
0.970552147239
0.970588235294
0.970624235006
0.970660146699
0.970695970696
0.970731707317
0.970767356882
0.970802919708
0.970838396112
0.970873786408
0.970909090909
0.970944309927
0.970979443773
0.971014492754
0.971049457177
0.971084337349
0.971119133574
0.971153846154
0.97118847539
0.971223021583
0.97125748503
0.971291866029
0.971326164875
0.971360381862
0.971394517282
0.971428571429
0.97146254459
0.971496437055
0.97153024911
0.971563981043
0.971597633136
0.971631205674
0.971664698937
0.971698113208
0.971731448763
0.971764705882
0.971797884841
0.971830985915
0.971864009379
0.971896955504
0.971929824561
0.971962616822
0.971995332555
0.972027972028
0.972060535506
0.972093023256
0.97212543554
0.972157772622
0.972190034762
0.972222222222
0.97225433526
0.972286374134
0.971164936563
0.971198156682
0.971231300345
0.971264367816
0.970149253731
0.970183486239
0.970217640321
0.970251716247
0.970285714286
0.970319634703
0.970353477765
0.970387243736
0.970420932878
0.970454545455
0.970488081725
0.97052154195
0.970554926387
0.970588235294
0.970621468927
0.97065462754
0.970687711387
0.970720720721
0.970753655793
0.970786516854
0.970819304153
0.970852017937
0.970884658455
0.970917225951
0.97094972067
0.970982142857
0.971014492754
0.971046770601
0.971078976641
0.971111111111
0.971143174251
0.971175166297
0.971207087486
0.971238938053
0.971270718232
0.971302428256
0.971334068357
0.971365638767
0.971397139714
0.971428571429
0.971459934138
0.97149122807
0.97152245345
0.971553610503
0.971584699454
0.971615720524
0.971646673937
0.971677559913
0.971708378672
0.970652173913
0.970684039088
0.969631236443
0.969664138678
0.969696969697
0.96972972973
0.969762419006
0.969795037756
0.969827586207
0.969860064586
0.969892473118
0.96992481203
0.969957081545
0.969989281886
0.970021413276
0.970053475936
0.970085470085
0.970117395945
0.970149253731
0.970181043663
0.970212765957
0.970244420829
0.970276008493
0.970307529162
0.970338983051
0.97037037037
0.970401691332
0.970432946146
0.970464135021
0.970495258166
0.970526315789
0.970557308097
0.970588235294
0.970619097587
0.970649895178
0.970680628272
0.970711297071
0.970741901776
0.970772442589
0.970802919708
0.970833333333
0.970863683663
0.970893970894
0.970924195223
0.970954356846
0.970984455959
0.971014492754
0.971044467425
0.971074380165
0.971104231166
0.971134020619
0.971163748713
0.971193415638
0.971223021583
0.971252566735
0.971282051282
0.97131147541
0.971340839304
0.971370143149
0.97139938713
0.971428571429
0.971457696228
0.971486761711
0.971515768057
0.971544715447
0.971573604061
0.971602434077
0.971631205674
0.971659919028
0.971688574317
