60531
67295
73970
80630
87281
93990
100761
107539
114241
120930
127657
134384
141067
147669
154430
161241
168003
174696
181366
188152
194876
201634
208412
215055
221776
228411
235118
241909
248706
255425
262171
268863
275595
282200
288904
295556
302267
308970
315609
318922
322252
325611
329002
332393
335784
339130
342426
345827
349145
355784
362417
369059
375736
382535
389258
396004
402759
409348
416030
422680
429347
436057
442730
449423
456052
462752
469358
475979
482618
489294
495951
502576
509240
515965
522652
529393
536050
542710
549521
556177
562814
569504
576129
582872
589512
596186
602855
609528
616219
622819
629432
636090
642819
649500
656158
662903
669547
676259
683027
689655
696248
702919
709639
716303
722961
729676
736388
743138
749824
756463
763113
769763
776411
783173
789825
796544
803260
809964
816698
823389
830101
836791
843473
850136
856800
863428
870067
876735
883377
889933
896644
903321
909950
916521
923193
929819
936472
943144
949865
956528
963301
969987
976630
983293
989915
996571
1003156
1009822
1016424
1023143
1029877
1036511
1043237
1049964
1056667
1063352
1070040
1076668
1083325
1089985
1096690
1103373
1110050
1116692
1123282
1130011
1136709
1143409
1149944
1156677
1163330
1170003
1176701
1183381
1190123
1196868
1203505
1210265
1216980
1223589
1230286
1236906
1243529
1250245
1257017
1263722
1270369
1277094
1283861
1290599
1297294
1303948
1310753
1317453
1324093
1330681
1337358
1343998
1350655
1357282
1363897
1370631
1377298
1383961
1390690
1397294
1403955
1410642
1417273
1424005
1430696
1437331
1444032
1450718
1457376
1464031
1470649
1477386
1484010
1490739
1497441
1504159
1510836
1517557
1524227
1530896
1537533
1544236
1550964
1557543
1564205
1570933
1577548
1584279
1591031
1597672
1604369
1610954
1617687
1624264
1630987
1637719
1644399
1650995
1657596
1664310
1671035
1677717
1684319
1691011
1697678
1704390
1710995
1717647
1724269
1730965
1737656
1744290
1750862
1757547
1764283
1770939
1777602
1784298
1791041
1797709
1804336
1811029
1817751
1824447
1831121
1837751
1844478
1851161
1857958
1864652
1871328
1878002
1884666
1891315
1898006
1904704
1911349
1918121
1924798
1931551
1938178
1944792
1951444
1958098
1964675
1971425
1978040
1984763
1991371
1998050
2004816
2011531
2018260
2024875
2031632
2038295
2044976
2051654
2058455
2065071
2071774
2078544
2085256
2091992
2098729
2105393
2112000
2118736
2125475
2132135
2138834
2145489
2152206
2158875
2165555
2172204
2178945
2185696
2192381
2199013
2205692
2212431
2219206
2225906
2232663
2239316
2245928
2252577
2259394
2266044
2272719
2279450
2286170
2292788
2299486
2306187
2312863
2319584
2326273
2332899
2339603
2346285
2352972
2359637
2366282
2372943
2379622
2386287
2392937
2399560
2406298
2413029
2419751
2426446
2433203
2439877
2446603
2453334
2460040
2466749
2473498
2480256
2486944
2493580
2500305
2507057
2513775
2520436
2527126
2533723
2540402
2547066
2553703
2560433
2567147
2573849
2580575
2587249
2593989
2600642
2607314
2610694
2614055
2617345
2620696
2627371
2634015
2640684
2647340
2654014
2660798
2667374
2674000
2680706
2687396
2694101
2700872
2707642
2714345
2720975
2727644
2734385
2741099
2747766
2754504
2761278
2767966
2774654
2781392
2788035
2794759
2801511
2808216
2814849
2821479
2828223
2834898
2841588
2848293
2855040
2861728
2868365
2875016
2881681
2888355
2895089
2901753
2908495
2915236
2921907
2928566
2935281
2941820
2948599
2955314
2961953
2965265
2968633
2971965
2975325
2978670
2982042
2988706
2995465
3002125
3008842
3015546
3022196
3028878
3032209
3038893
3045592
3048943
3052264
3055634
3058935
3062245
3065622
3068997
3072282
3075559
3078830
3082137
3085513
3088876
3092190
3095575
3095575
3095575
3095575
3095575
3095575
3095575
3095575
3095575
3098902
3102250
3105586
3108954
3112345
3115677
3119010
3122337
3125730
3129080
3132445
3135802
3139191
3142544
3145978
3149413
3152795
3156189
3162849
3166190
3169503
3172811
3176145
3179503
3186230
3192952
3199598
3206266
3213022
3219545
3226272
3232924
3239644
3246314
3253018
3259691
3266415
3273078
3279801
3286444
3293124
3299740
3306344
3313055
3319724
3326408
3333048
3339785
3346419
3353079
3359683
3366252
3372947
3376352
3379708
3383108
3386374
3389736
3393086
3396423
3399748
3403117
3406445
3409739
3413105
3416479
3419839
3423164
3426481
3429737
3433115
3436550
3439975
3443328
3446679
3450020
3453337
3456672
3460004
3463381
3466772
3470156
3473520
3476859
3480237
3483570
3486931
3490284
3493596
3496973
3503692
3510451
3517168
3523885
3530564
3537252
3543952
3550633
3557272
3563944
3570572
3577314
3584014
3590670
3597394
3604100
3610797
3617478
3624174
3630827
3637518
3644208
3650872
3657506
3664179
3670930
3677611
3684373
3691063
3694394
3697733
3701076
3704436
3711212
3717914
3724690
3731385
3738150
3744805
3751524
3758125
3764842
3771581
3778299
3784998
3791652
3798267
3804902
3808261
3811683
3815068
3818401
3821763
3825087
3831815
3838454
3845123
3851650
3855012
3858347
3861714
3865060
3868425
3868425
3868425
3871839
3875147
3878541
3881925
3885322
3888725
3892108
3895460
3898764
3902097
3908830
3915636
3922363
3929079
3935788
3942348
3949007
3955710
3962396
3969053
3975732
3982430
3989178
3995930
4002564
4009180
4015882
4022591
4029257
4035836
4042565
4049220
4056004
4062653
4069406
4076050
4082730
4089397
4096093
4102789
4109469
4116136
4122859
4129468
4136201
4142846
4149535
4156205
4162887
4169500
4176191
4182972
4189616
4196244
4202904
4209627
4216243
4222957
4229627
4236236
4242971
4249656
4256377
4263088
4269786
4276487
4283169
4289888
4296642
4303354
4310013
4316752
4323415
4330099
4336863
4343601
4350270
4356989
4363694
4370403
4377091
4383786
4390525
4397124
4400485
4407182
4413949
4420549
4427257
4433923
4440599
4447322
4454046
4460676
4464049
4470748
4474030
4480665
4484027
4487352
4490748
4494048
4497384
4500731
4504063
4507359
4514013
4517370
4520752
4524111
4527443
4530861
4534172
4537507
4540807
4547484
4550793
4554134
4557453
4560822
4564157
4570764
4577502
4584056
4590713
4597372
4604046
4610719
4617415
4624078
4630741
4637438
4644066
4650727
4657447
4664202
4670907
4677631
4684404
4691147
4697906
4704585
4711257
4717984
4724690
4731423
4738122
4744830
4751458
4758108
4764768
4771548
4778257
4784949
4791601
4798304
4805032
4811702
4818375
4825090
4831752
4838402
4845117
4851830
4858589
4865191
4871742
4878377
4881685
4888329
4895041
4901798
4908496
4915206
4921800
4928474
4931872
4935239
4938535
4941902
4945256
4948593
4951918
4955256
4958593
4961947
4965284
4968662
4972033
4975386
4978759
4978759
4982049
4985412
4988767
4992105
4995426
4998737
5002051
5005388
5008674
5011997
5015302
5018711
5021991
5025306
5028589
5031938
5038573
5041932
5045211
5051857
5058539
5061898
5065222
5068550
5071911
5078594
5081957
5085360
5088693
5092003
5095402
5098673
5101968
5105286
5108628
5111925
5115299
5118651
5122036
5125392
5128732
5132097
5135445
5138728
5142052
5145375
5148669
5152038
5155327
5158673
5162015
5165379
5168747
5172106
5175368
5178688
5182031
5185386
5188709
5192105
5195393
5198675
5201974
5205314
5208599
5211840
5215170
5218535
5221876
5225189
5228592
5231899
5235285
5238572
5241885
5245210
5248591
5251913
5255224
5258543
5261775
5265094
5268435
5271822
5275152
5281797
5288515
5295268
5301929
5308627
5315217
5321903
5328543
5335208
5341872
5348489
5355153
5361774
5368417
5374929
5381578
5388246
5394890
5401614
5408273
5414806
5421430
5428116
5434806
5441493
5448184
5454776
5461384
5467990
5474656
5481371
5488014
5491378
5498033
5504619
5511256
5517934
5524643
5531288
5537916
5544555
5551132
5557810
5564558
5571132
5577831
5584518
5591238
5597902
5604552
5611213
5617978
5624659
5631327
5637986
5644662
5651345
5658044
5664674
5671338
5677890
5684475
5691106
5697835
5704528
5711198
5717937
5724553
5731251
5737924
5744630
5751256
5757948
5764587
5771295
5777968
5784705
