18784
20848
22912
24976
27040
29104
31168
33232
35296
37360
39424
41488
43552
45616
47680
49744
51808
53872
55936
58000
60064
62128
64192
66256
68320
70384
72448
74512
76576
78640
80704
82768
84832
86896
88960
91024
93088
95152
97216
98248
99280
100312
101344
102376
103408
104440
105472
106504
107536
109600
111664
113728
115792
117856
119920
121984
124048
126112
128176
130240
132304
134368
136432
138496
140560
142624
144688
146752
148816
150880
152944
155008
157072
159136
161200
163264
165328
167392
169456
171520
173584
175648
177712
179776
181840
183904
185968
188032
190096
192160
194224
196288
198352
200416
202480
204544
206608
208672
210736
212800
214864
216928
218992
221056
223120
225184
227248
229312
231376
233440
235504
237568
239632
241696
243760
245824
247888
249952
252016
254080
256144
258208
260272
262336
264400
266464
268528
270592
272656
274720
276784
278848
280912
282976
285040
287104
289168
291232
293296
295360
297424
299488
301552
303616
305680
307744
309808
311872
313936
316000
318064
320128
322192
324256
326320
328384
330448
332512
334576
336640
338704
340768
342832
344896
346960
349024
351088
353152
355216
357280
359344
361408
363472
365536
367600
369664
371728
373792
375856
377920
379984
382048
384112
386176
388240
390304
392368
394432
396496
398560
400624
402688
404752
406816
408880
410944
413008
415072
417136
419200
421264
423328
425392
427456
429520
431584
433648
435712
437776
439840
441904
443968
446032
448096
450160
452224
454288
456352
458416
460480
462544
464608
466672
468736
470800
472864
474928
476992
479056
481120
483184
485248
487312
489376
491440
493504
495568
497632
499696
501760
503824
505888
507952
510016
512080
514144
516208
518272
520336
522400
524464
526528
528592
530656
532720
534784
536848
538912
540976
543040
545104
547168
549232
551296
553360
555424
557488
559552
561616
563680
565744
567808
569872
571936
574000
576064
578128
580192
582256
584320
586384
588448
590512
592576
594640
596704
598768
600832
602896
604960
607024
609088
611152
613216
615280
617344
619408
621472
623536
625600
627664
629728
631792
633856
635920
637984
640048
642112
644176
646240
648304
650368
652432
654496
656560
658624
660688
662752
664816
666880
668944
671008
673072
675136
677200
679264
681328
683392
685456
687520
689584
691648
693712
695776
697840
699904
701968
704032
706096
708160
710224
712288
714352
716416
718480
720544
722608
724672
726736
728800
730864
732928
734992
737056
739120
741184
743248
745312
747376
749440
751504
753568
755632
757696
759760
761824
763888
765952
768016
770080
772144
774208
776272
778336
780400
782464
784528
786592
788656
790720
792784
794848
796912
798976
801040
803104
805168
806200
807232
808264
809296
811360
813424
815488
817552
819616
821680
823744
825808
827872
829936
832000
834064
836128
838192
840256
842320
844384
846448
848512
850576
852640
854704
856768
858832
860896
862960
865024
867088
869152
871216
873280
875344
877408
879472
881536
883600
885664
887728
889792
891856
893920
895984
898048
900112
902176
904240
906304
908368
910432
912496
914560
915592
916624
917656
918688
919720
920752
922816
924880
926944
929008
931072
933136
935200
936232
938296
940360
941392
942424
943456
944488
945520
946552
947584
948616
949648
950680
951712
952744
953776
954808
955840
955840
955840
955840
955840
955840
955840
955840
955840
956872
957904
958936
959968
961000
962032
963064
964096
965128
966160
967192
968224
969256
970288
971320
972352
973384
974416
976480
977512
978544
979576
980608
981640
983704
985768
987832
989896
991960
994024
996088
998152
1000216
1002280
1004344
1006408
1008472
1010536
1012600
1014664
1016728
1018792
1020856
1022920
1024984
1027048
1029112
1031176
1033240
1035304
1037368
1039432
1041496
1042528
1043560
1044592
1045624
1046656
1047688
1048720
1049752
1050784
1051816
1052848
1053880
1054912
1055944
1056976
1058008
1059040
1060072
1061104
1062136
1063168
1064200
1065232
1066264
1067296
1068328
1069360
1070392
1071424
1072456
1073488
1074520
1075552
1076584
1077616
1078648
1079680
1081744
1083808
1085872
1087936
1090000
1092064
1094128
1096192
1098256
1100320
1102384
1104448
1106512
1108576
1110640
1112704
1114768
1116832
1118896
1120960
1123024
1125088
1127152
1129216
1131280
1133344
1135408
1137472
1139536
1140568
1141600
1142632
1143664
1145728
1147792
1149856
1151920
1153984
1156048
1158112
1160176
1162240
1164304
1166368
1168432
1170496
1172560
1174624
1175656
1176688
1177720
1178752
1179784
1180816
1182880
1184944
1187008
1189072
1190104
1191136
1192168
1193200
1194232
1194232
1194232
1195264
1196296
1197328
1198360
1199392
1200424
1201456
1202488
1203520
1204552
1206616
1208680
1210744
1212808
1214872
1216936
1219000
1221064
1223128
1225192
1227256
1229320
1231384
1233448
1235512
1237576
1239640
1241704
1243768
1245832
1247896
1249960
1252024
1254088
1256152
1258216
1260280
1262344
1264408
1266472
1268536
1270600
1272664
1274728
1276792
1278856
1280920
1282984
1285048
1287112
1289176
1291240
1293304
1295368
1297432
1299496
1301560
1303624
1305688
1307752
1309816
1311880
1313944
1316008
1318072
1320136
1322200
1324264
1326328
1328392
1330456
1332520
1334584
1336648
1338712
1340776
1342840
1344904
1346968
1349032
1351096
1353160
1355224
1357288
1358320
1360384
1362448
1364512
1366576
1368640
1370704
1372768
1374832
1376896
1377928
1379992
1381024
1383088
1384120
1385152
1386184
1387216
1388248
1389280
1390312
1391344
1393408
1394440
1395472
1396504
1397536
1398568
1399600
1400632
1401664
1403728
1404760
1405792
1406824
1407856
1408888
1410952
1413016
1415080
1417144
1419208
1421272
1423336
1425400
1427464
1429528
1431592
1433656
1435720
1437784
1439848
1441912
1443976
1446040
1448104
1450168
1452232
1454296
1456360
1458424
1460488
1462552
1464616
1466680
1468744
1470808
1472872
1474936
1477000
1479064
1481128
1483192
1485256
1487320
1489384
1491448
1493512
1495576
1497640
1499704
1501768
1503832
1505896
1506928
1508992
1511056
1513120
1515184
1517248
1519312
1521376
1522408
1523440
1524472
1525504
1526536
1527568
1528600
1529632
1530664
1531696
1532728
1533760
1534792
1535824
1536856
1536856
1537888
1538920
1539952
1540984
1542016
1543048
1544080
1545112
1546144
1547176
1548208
1549240
1550272
1551304
1552336
1553368
1555432
1556464
1557496
1559560
1561624
1562656
1563688
1564720
1565752
1567816
1568848
1569880
1570912
1571944
1572976
1574008
1575040
1576072
1577104
1578136
1579168
1580200
1581232
1582264
1583296
1584328
1585360
1586392
1587424
1588456
1589488
1590520
1591552
1592584
1593616
1594648
1595680
1596712
1597744
1598776
1599808
1600840
1601872
1602904
1603936
1604968
1606000
1607032
1608064
1609096
1610128
1611160
1612192
1613224
1614256
1615288
1616320
1617352
1618384
1619416
1620448
1621480
1622512
1623544
1624576
1625608
1626640
1627672
1628704
1630768
1632832
1634896
1636960
1639024
1641088
1643152
1645216
1647280
1649344
1651408
1653472
1655536
1657600
1659664
1661728
1663792
1665856
1667920
1669984
1672048
1674112
1676176
1678240
1680304
1682368
1684432
1686496
1688560
1690624
1692688
1694752
1695784
1697848
1699912
1701976
1704040
1706104
1708168
1710232
1712296
1714360
1716424
1718488
1720552
1722616
1724680
1726744
1728808
1730872
1732936
1735000
1737064
1739128
1741192
1743256
1745320
1747384
1749448
1751512
1753576
1755640
1757704
1759768
1761832
1763896
1765960
1768024
1770088
1772152
1774216
1776280
1778344
1780408
1782472
1784536
1786600
